131.29
136.90
137.34
112.10
119.79
158.34
139.92
120.28
142.82
174.99
161.53
130.86
142.14
157.31
121.63
162.37
149.72
138.11
143.02
157.73
160.35
174.28
155.88
135.77
125.59
162.10
170.84
199.89
177.60
172.63
181.84
148.58
202.15
200.13
146.29
202.45
157.42
178.97
192.17
188.50
174.01
189.86
170.29
211.78
240.49
236.75
199.04
189.91
204.97
209.22
194.68
202.70
218.62
220.51
247.43
206.08
219.05
237.84
237.23
209.02
263.28
217.42
242.02
251.99
234.99
232.02
239.99
253.52
212.91
221.51
241.82
260.92
252.49
287.73
247.95
273.77
211.07
253.38
296.35
290.12
295.30
246.34
275.18
301.58
274.61
277.20
263.55
286.39
311.84
301.24
313.93
272.67
303.94
293.35
297.80
318.08
285.51
286.03
310.86
314.30
