1.512998863077136491e+02
1.452759194232845346e+02
1.760866397399152845e+02
2.990887732277350892e+02
1.672619307209932344e+02
2.381840008906678179e+02
2.070936581741881071e+02
1.280846047950875288e+02
1.851162004383720614e+02
3.259305737489139005e+02
2.053617843493552471e+02
2.942120004001426423e+02
1.414220383992537506e+02
2.499992129837054051e+02
5.509684320324307691e+02
2.195792541181380670e+02
1.670227633500064996e+02
1.660586900574229219e+02
1.673592087473325307e+02
1.701926155763460997e+02
2.884361698470056012e+02
1.625856181330539130e+02
2.329061902842665859e+02
2.907051742900278555e+02
3.437660547423195680e+02
1.805717700548043751e+02
4.205981727004880781e+02
3.530124500062879065e+02
5.920646768652624132e+02
2.876109814819776034e+02
3.328895680865780378e+02
2.148955005420469320e+02
3.812506887567629406e+02
4.976600495059281002e+02
1.329296598545991230e+02
3.416968697617122643e+02
