0.000000000000000000e+00
3.103597848192120339e-05
3.102956046983912911e-05
9.147733675347375802e-05
1.449167538135926890e-04
1.448892192651744998e-04
2.618817045728636436e-04
3.318563710353862823e-04
3.834796267451980501e-04
4.651375545179746310e-04
5.532196876662606082e-04
6.096205412188181964e-04
6.984478098326302523e-04
7.190575226812790603e-04
7.228302184102459874e-04
7.226777782078763063e-04
7.936669702955955526e-04
8.523723415637024558e-04
9.166395452502851520e-04
1.076107264343964011e-03
1.123272857992271010e-03
1.171677317859228396e-03
1.333864576142277259e-03
1.348516993019968895e-03
1.556792969823775959e-03
1.556275205891067843e-03
1.559126447741297251e-03
1.853651162240051685e-03
1.852805648812276161e-03
1.932137034164055269e-03
2.201115655566161268e-03
2.199969334928769150e-03
2.739619286187208042e-03
2.998869416803225975e-03
3.136909879264832609e-03
3.264017260490973543e-03
3.373581787725584043e-03
3.713460628062015614e-03
3.838238544549464875e-03
4.053014030502089318e-03
4.051245018623078967e-03
4.178918250127623690e-03
5.068604815443579839e-03
5.074143806647787337e-03
5.072392439277033371e-03
5.335763852053193937e-03
5.506456910335434489e-03
5.648004340745168932e-03
6.093631764440261486e-03
6.254313911251412061e-03
6.627016176439024311e-03
6.787599802063691568e-03
6.816800481214867896e-03
6.812944385660194349e-03
6.969776207922436656e-03
7.090214742317700429e-03
7.494751971668994414e-03
7.732381390636660148e-03
7.854766443755612990e-03
8.362110585881637331e-03
9.031597500942246601e-03
9.237665303673614839e-03
9.938468262364988023e-03
9.931628992632255543e-03
1.001579948967688642e-02
1.035929554490874933e-02
1.086648092330826446e-02
1.111333070881106826e-02
1.119516146750958695e-02
1.152506685425860183e-02
1.177857042288372839e-02
1.210297003810708108e-02
1.301310223311131879e-02
1.363060398273734618e-02
1.442019498284284953e-02
1.506882234841173257e-02
1.588123507234774287e-02
1.660181563484874542e-02
1.786081358742129879e-02
1.829213014313812655e-02
1.950994035873685611e-02
2.034993138148836686e-02
2.093513088429818300e-02
2.147823023016897856e-02
2.188737996672696778e-02
2.186312061346393568e-02
2.197910819305690794e-02
2.303686199788234495e-02
2.345517556325585687e-02
2.373291590001333148e-02
2.402304611987880062e-02
2.572200609542266148e-02
2.812694976194043961e-02
2.816439990096257506e-02
2.864054957449563288e-02
2.948981938210212123e-02
3.017735454054805075e-02
3.079729774732905406e-02
3.115256836192015211e-02
3.189937143182238616e-02
