0.000000000000000000e+00
1.425950615654073667e-04
1.827782323333021779e-04
2.177517566486800139e-04
2.177131940247312798e-04
3.023276792342172864e-04
3.134507774804629336e-04
5.484966451743092559e-04
6.431126768015099551e-04
7.147227363288955262e-04
7.866733189265861983e-04
8.248084008413688944e-04
8.246291092217441793e-04
8.244345979554137819e-04
8.241660289761220488e-04
8.288429567139831994e-04
9.089102840980870391e-04
1.023328127153929528e-03
1.105573471413345311e-03
1.105282446434802069e-03
1.162423988862839805e-03
1.304394158281971684e-03
1.467240916244405297e-03
1.466751067378364902e-03
1.537931491036609137e-03
1.537564425372157798e-03
1.636788304199712643e-03
1.950250781836319371e-03
1.949507704735564673e-03
2.006192137365986599e-03
2.174138641508611795e-03
2.173345720686129835e-03
2.260584343409297470e-03
2.387377147536734554e-03
2.386221407182104876e-03
2.507788013926940274e-03
2.777154324988100661e-03
2.960555592825291158e-03
3.206193778788125545e-03
3.254506745847643521e-03
3.442634124834934896e-03
3.581006998304411652e-03
3.723540581863970644e-03
4.014548963598438616e-03
4.470630790607423022e-03
4.551482602359804321e-03
4.718968345058499603e-03
4.807023820131891764e-03
4.890773714919644487e-03
5.561135345202704132e-03
5.863111530773824041e-03
5.956272186168549629e-03
6.089585501309844121e-03
6.122327290184553794e-03
6.635442110878461003e-03
6.766220829844556660e-03
7.073914248978363691e-03
7.338941105456823696e-03
7.893241267642386177e-03
8.494165153401561988e-03
8.855144446090748231e-03
9.179331059047935587e-03
9.715509892809582118e-03
1.009022339900829054e-02
1.067145166112302285e-02
1.087435972154534615e-02
1.086716015317425871e-02
1.135647301667776742e-02
1.144984317586532525e-02
1.222444363549706967e-02
1.362053344156678725e-02
1.401362714344837196e-02
1.432471030985986611e-02
1.461733125934758411e-02
1.516185731392061253e-02
1.578256828067118797e-02
1.657886552113143133e-02
1.728707341645730616e-02
1.768261906603941364e-02
1.822278031242188442e-02
1.820583684206163871e-02
1.859261563887974408e-02
1.913498808200378432e-02
1.926186424785860177e-02
1.964985923110482841e-02
1.994719589619218733e-02
2.050358761273892924e-02
2.074998304921299094e-02
2.135186643312778770e-02
2.327264395301118990e-02
2.556103607606191250e-02
2.621349982727624178e-02
2.686471083858593331e-02
2.835050953807191285e-02
2.959683822752773308e-02
3.038288402663244861e-02
3.164985418029370862e-02
3.187295223885665968e-02
3.298685219038303279e-02
3.391408117983975984e-02
