1.393119970406524362e-02
1.411391063749922910e-02
1.431524276666243552e-02
1.445384615301080998e-02
1.461552554010011294e-02
1.479793248208628037e-02
1.495059259739356557e-02
1.503304875894981470e-02
1.519742716675828373e-02
1.535257551390482519e-02
1.555623695269721385e-02
1.563736008859903381e-02
1.573234778402998746e-02
1.597049353342249942e-02
1.616708620960841808e-02
1.621755331356006594e-02
1.648894489529736246e-02
1.650162048363685435e-02
1.673738993098890238e-02
1.695133338784690635e-02
1.712285875727965340e-02
1.741769107314691811e-02
1.766917886544515023e-02
1.789390630138571608e-02
1.814515850748130155e-02
1.838844672681786210e-02
1.861939139496113227e-02
1.893423674366629186e-02
1.927634539819548729e-02
1.946001285732034541e-02
1.966192590038513474e-02
1.998738113697301130e-02
2.027359767267549254e-02
2.068832545775608003e-02
2.085668383590165084e-02
2.113324876214909415e-02
2.147457086821365213e-02
2.174529799726137094e-02
2.197211442164020631e-02
2.225228180214264273e-02
2.249662072507773586e-02
2.265519273552924970e-02
2.297022988080235986e-02
2.286597454082182207e-02
2.322797625133056487e-02
2.368762028928465130e-02
2.403103711496769324e-02
2.419997568304009181e-02
2.453906550854580149e-02
2.505095496675481884e-02
2.539317715157774630e-02
2.581200395541004278e-02
2.596278430231170609e-02
2.635784784981709886e-02
2.659563330575016871e-02
2.716269693180069222e-02
2.769876279691252038e-02
2.831618893655918692e-02
2.843753160407333502e-02
2.847860424259267276e-02
2.877320256784072702e-02
2.925005150227459258e-02
2.960807542213651777e-02
3.014190412297375332e-02
3.059625971995294860e-02
3.104835587707407280e-02
3.171783181123527529e-02
3.193580590543931841e-02
3.269157681749117195e-02
3.309360280880229571e-02
3.332992938104019365e-02
3.357198530234281608e-02
3.365714750049612902e-02
3.451364678724402890e-02
3.494890772842757648e-02
3.525700540843764580e-02
3.563551677848463689e-02
3.578978920524619745e-02
3.530282234307041689e-02
3.582871332649414237e-02
3.685710647620145386e-02
3.725767909551150336e-02
3.817123103406382806e-02
3.844501180295347570e-02
3.846789703540234168e-02
3.872628861809606499e-02
3.931245575303397161e-02
4.035235492845511834e-02
3.949283667005977494e-02
3.997510207656977677e-02
4.101646373165614146e-02
4.194366818047023243e-02
4.247290114620375784e-02
4.287508625441618232e-02
4.325254010137985494e-02
4.318788747006642448e-02
4.279461929834810913e-02
4.323959754347780904e-02
4.335197201674362982e-02
4.388645280669271898e-02
