0.000000000000000000e+00
9.445557623580278330e-05
9.443619549378438405e-05
9.441648074823797028e-05
2.050033019188242942e-04
3.167870313148330656e-04
3.649310091061251757e-04
3.690818059749807647e-04
6.170052088521198489e-04
6.168655682331007336e-04
6.750711724886411698e-04
6.800925901049013379e-04
7.996340529208702903e-04
7.994444462738724147e-04
8.039923896426193943e-04
9.189279931454874453e-04
1.123555192390556000e-03
1.143052347988680493e-03
1.142733272286767512e-03
1.186689892784290610e-03
1.186366020861534835e-03
1.207239235918790288e-03
1.206862087817763864e-03
1.206492234116674596e-03
1.303432464875194314e-03
1.326718062722499888e-03
1.628047947642961586e-03
1.702233440202157323e-03
1.701574734152343270e-03
1.700975224591955246e-03
1.719584550934034634e-03
1.969665370999157828e-03
2.026779253747726210e-03
2.088396180492233314e-03
2.340334637850583453e-03
2.339604175048626104e-03
2.456134141824974949e-03
2.455286738943101253e-03
2.541520366613155436e-03
2.748027680783042461e-03
2.902668633574888041e-03
3.276898601089539131e-03
3.408261942146258248e-03
3.406735231607586987e-03
3.404441415853832077e-03
3.784460836835302350e-03
3.888170433393360517e-03
4.046012768068315418e-03
4.385057303846949701e-03
4.575186006864231589e-03
4.917339578958796441e-03
5.058650187267193545e-03
5.145086402924355443e-03
5.218020282705480850e-03
6.118771424792357819e-03
6.305350693662980718e-03
6.420357688103460296e-03
6.432909998356989636e-03
6.528286044006660627e-03
6.696354850644030757e-03
6.736530178605685919e-03
6.776411178259405046e-03
7.286950006404105049e-03
7.915494586235652386e-03
8.179066274843160844e-03
8.346841930403867474e-03
8.992880682496510666e-03
9.366171942993380822e-03
9.631052648822562706e-03
1.003676060301515564e-02
1.019614601932048240e-02
1.063239262346763608e-02
1.125905995514796080e-02
1.183403357097897839e-02
1.262337241800320399e-02
1.299648203222845966e-02
1.320738794069849578e-02
1.363388024586272181e-02
1.424197995535755358e-02
1.517408779025653832e-02
1.565027378026269053e-02
1.572117806528899181e-02
1.654932711288228248e-02
1.684780149933185964e-02
1.774501484799227702e-02
1.772508616690591718e-02
1.798679502393300822e-02
1.857327245080176575e-02
1.892961698554760167e-02
2.038343739226913462e-02
2.158442232286589268e-02
2.246386895131710984e-02
2.502227127207131210e-02
2.524779808526101885e-02
2.538561785766371010e-02
2.665859853195435072e-02
2.690116930057908848e-02
2.794083095509884013e-02
3.008607373352984588e-02
3.140542296082427659e-02
