1.393119970406524362e-02
1.411145738148496427e-02
1.431266471587877218e-02
1.446510806882152049e-02
1.457593356745878754e-02
1.473142772382340926e-02
1.484499893863264197e-02
1.497576611859508140e-02
1.502752172311803275e-02
1.524909606892273228e-02
1.554075080363816544e-02
1.581482080256328693e-02
1.591898011249360048e-02
1.609659905901314123e-02
1.624797112477912447e-02
1.637758626602088888e-02
1.654427267096603149e-02
1.660230917520394422e-02
1.663681298351223081e-02
1.684393036271474714e-02
1.711551720715015490e-02
1.721852912176365449e-02
1.747978656965503558e-02
1.770713201072194459e-02
1.796529968434730506e-02
1.820234624866695627e-02
1.845440050969751958e-02
1.878224462027976160e-02
1.893208522015058307e-02
1.924498225785079009e-02
1.944576432943109084e-02
1.980830437513801667e-02
2.009102225546444132e-02
2.043377903352353378e-02
2.062665957123318086e-02
2.085942684230983335e-02
2.115361409989377842e-02
2.140257407491568883e-02
2.123772965196277923e-02
2.143279860236246143e-02
2.180271186090126587e-02
2.200403821563434378e-02
2.208005014014929532e-02
2.234261549854946183e-02
2.277863249218155944e-02
2.314133452967000182e-02
2.352820246064285872e-02
2.365780899997280834e-02
2.393029483048189285e-02
2.423941249226704842e-02
2.475795985635451113e-02
2.522944382463198493e-02
2.524399938835278009e-02
2.573833819910762918e-02
2.617263407002996811e-02
2.645284757891941743e-02
2.666962460206857843e-02
2.697807089409821196e-02
2.763085056971307726e-02
2.801046122234973276e-02
2.826286378347620670e-02
2.868380411466228339e-02
2.928176300195490037e-02
2.994572445359327748e-02
3.040785942854756438e-02
3.037909211256508563e-02
3.101809482500709689e-02
3.132696749451692464e-02
3.162760437235944549e-02
3.179699542636078152e-02
3.213726632085709550e-02
3.235897216038577384e-02
3.230070658833415070e-02
3.285952440753178022e-02
3.251768257414992119e-02
3.290739850490009138e-02
3.358472127684562769e-02
3.301200141973196361e-02
3.366235661789070133e-02
3.363536011315508556e-02
3.406124174508697033e-02
3.438584718770217041e-02
3.418159703293920104e-02
3.500353586249258658e-02
3.512653710893502701e-02
3.529651102761214437e-02
3.517787645718958162e-02
3.521335386432981884e-02
3.546818054884515875e-02
3.582442036213718400e-02
3.636483430713317172e-02
3.742138980048818203e-02
3.761220397975596763e-02
3.821499542806088695e-02
3.914073992492957815e-02
3.936554604920446121e-02
3.841987935171596591e-02
3.826041203459018547e-02
3.752615398263908775e-02
3.774882118373336370e-02
