1.393119970406524362e-02
1.413464709689179685e-02
1.427095653316918372e-02
1.437396719949176824e-02
1.450398231214986185e-02
1.469456826452588197e-02
1.485881181363541380e-02
1.499571578196256388e-02
1.512357594412371692e-02
1.519393987761668424e-02
1.547236274671796689e-02
1.562918837644283396e-02
1.584526752688969475e-02
1.608347447819001921e-02
1.627942156468625487e-02
1.630542791555097265e-02
1.637502462817637394e-02
1.656811071925846229e-02
1.680004447052422037e-02
1.681480526711175844e-02
1.704550071102612155e-02
1.730449533141614413e-02
1.752387405473958271e-02
1.765159335862556342e-02
1.790602964149532253e-02
1.814093800975015089e-02
1.825536904391159704e-02
1.857839619470093295e-02
1.888271821463344269e-02
1.911562959458738484e-02
1.926336547690382650e-02
1.942743825773804098e-02
1.964037830997141659e-02
1.999065797016415583e-02
2.020193701328262814e-02
2.016241242280837620e-02
2.044287855478846630e-02
2.075085550460595632e-02
2.105816219053288293e-02
2.130194941761872837e-02
2.147367809358599958e-02
2.170923202410035904e-02
2.184735138175022962e-02
2.182598346540161327e-02
2.212084543930919675e-02
2.217766419072710049e-02
2.219458157066745568e-02
2.230946836265760083e-02
2.236075794822618007e-02
2.283361213091200659e-02
2.307843879177534641e-02
2.353660790783577289e-02
2.349181999503040588e-02
2.344831498980705017e-02
2.372574153028794014e-02
2.388416796056631874e-02
2.436383663728932877e-02
2.471255719979601959e-02
2.517486719429195760e-02
2.532450038669580711e-02
2.586799646379537437e-02
2.633581290596686761e-02
2.689208190750702610e-02
2.702874886449429734e-02
2.697721558348171317e-02
2.763795053724414988e-02
2.820412653536806882e-02
2.760869465991620808e-02
2.828954601148662290e-02
2.815171262776798231e-02
2.861331887257636056e-02
2.905355150595240188e-02
2.941033748753086804e-02
3.015418075410308471e-02
3.042969364985377567e-02
3.066407495363105903e-02
3.116210283512651363e-02
3.108439453532707564e-02
3.104926328322585652e-02
3.144680842306116914e-02
3.215589992310455975e-02
3.186297478041132808e-02
3.240536001298585655e-02
3.277085202823592364e-02
3.256538468611913650e-02
3.322655665655695201e-02
3.408394366116625218e-02
3.396274416020676756e-02
3.453052339040738744e-02
3.544580932653559197e-02
3.538664303368467545e-02
3.509299018958873112e-02
3.528860280186990606e-02
3.610933816384075123e-02
3.578715731694752378e-02
3.642977122444042426e-02
3.733001750121142659e-02
3.798154137196805419e-02
3.908036977274871593e-02
3.938817782016781899e-02
