0.000000000000000000e+00
0.000000000000000000e+00
0.000000000000000000e+00
0.000000000000000000e+00
6.076874588756640404e-05
8.753697497479262870e-05
2.771435927020369583e-04
3.279478308689167819e-04
3.606587537202087792e-04
3.605747341506441474e-04
4.170810447418828604e-04
4.626351313364783458e-04
4.625210832409482314e-04
4.624069354514102935e-04
4.622611708884091070e-04
5.074942379584149524e-04
6.337694436597823703e-04
7.271718290160121773e-04
7.962366516686872992e-04
9.402119115477950784e-04
1.046825394295404195e-03
1.102515492880599274e-03
1.102161377500571323e-03
1.102257019733368518e-03
1.206232433985491431e-03
1.311985139871271354e-03
1.431702042314768851e-03
1.577627714188498554e-03
1.624353061580278675e-03
1.623770136411068279e-03
1.809808294175199164e-03
1.809112170097349924e-03
1.934966511985749572e-03
2.090443257576714287e-03
2.089545178319616395e-03
2.162839191497870680e-03
2.286264020128825347e-03
2.501230934048934672e-03
2.710127430995350629e-03
3.011643348404921712e-03
3.090993163362956188e-03
3.268710116948658415e-03
3.267257966521833028e-03
3.285369748464786032e-03
3.285093775332407866e-03
3.736092218817871694e-03
3.743943114791006138e-03
3.742024881752582886e-03
4.352133592440768535e-03
4.766063455102927636e-03
5.007140292673263431e-03
5.155591393633783721e-03
5.592206803850641172e-03
5.927945858821961900e-03
6.192637175298915976e-03
6.702023687741565615e-03
7.498261443556201306e-03
8.154095507483236083e-03
8.366959886369578631e-03
8.361487134445318506e-03
8.431745553218569084e-03
8.780550382570178475e-03
9.006281089397818670e-03
9.316488833272023803e-03
9.309509024220199297e-03
9.504735174831351052e-03
9.684972506703000764e-03
9.677662430224288556e-03
1.003968787913574884e-02
1.082201153746871827e-02
1.110297913740668219e-02
1.109402556529325359e-02
1.108415966831518065e-02
1.168771862602896103e-02
1.173974432488746750e-02
1.199058200849417201e-02
1.302142737037400785e-02
1.335831205872518683e-02
1.334364562639144512e-02
1.361278966024050650e-02
1.403294700871320251e-02
1.510232206209691751e-02
1.579950752543512332e-02
1.694148901456936016e-02
1.802269721491171414e-02
1.800309589323284901e-02
1.883393971966384334e-02
1.934776713791812319e-02
2.082368847854942917e-02
2.170728080739285290e-02
2.373028836580641163e-02
2.512144543251742038e-02
2.536639932479235748e-02
2.672087037440466079e-02
2.731797046322914646e-02
2.825162584479799788e-02
2.848377094865990264e-02
3.019163748695994839e-02
3.037264290769462610e-02
3.293429905267614838e-02
