1.393119970406524362e-02
1.406600684696460157e-02
1.427266438109759707e-02
1.431499794741512670e-02
1.445682587848156481e-02
1.453304915323653211e-02
1.476961716924366473e-02
1.491529489777442506e-02
1.500549602815459682e-02
1.512686275536145007e-02
1.540083284787458623e-02
1.558280748044505240e-02
1.572316933815759432e-02
1.587496513664988715e-02
1.605897130849969628e-02
1.617983165636336512e-02
1.626358660585051907e-02
1.638573174815981595e-02
1.662664026528707858e-02
1.687958424058648432e-02
1.712861877844651728e-02
1.716118691392850767e-02
1.738506399434514016e-02
1.750983211376574283e-02
1.763261976441945350e-02
1.780515716053273842e-02
1.800728843988095434e-02
1.824144335963213265e-02
1.826332577863774842e-02
1.830758403190965722e-02
1.857710975832568140e-02
1.882976514800144621e-02
1.910981910735847292e-02
1.952010905939034757e-02
1.979578618126450959e-02
1.982890266866754736e-02
2.023795836107659604e-02
2.056169918014471090e-02
2.088129621506102512e-02
2.108756807869202610e-02
2.127769890972287456e-02
2.132596132740101000e-02
2.166668845639897062e-02
2.193984914708357187e-02
2.226421850036604949e-02
2.271563648734986618e-02
2.303973171624337443e-02
2.276254753841587194e-02
2.309725755900554275e-02
2.343880455666189078e-02
2.378018564046618585e-02
2.404406195810709565e-02
2.437335150782117196e-02
2.441508574358153619e-02
2.472152051695468769e-02
2.506912901549053496e-02
2.545127453189833036e-02
2.594355286163428295e-02
2.569138354535577956e-02
2.630287829209755623e-02
2.670760282351834075e-02
2.694032231553828219e-02
2.741215809646255219e-02
2.789721257816887498e-02
2.826341365205793654e-02
2.886470438097833713e-02
2.944926345258175315e-02
2.954095597026770367e-02
3.012591125890266494e-02
3.023655964613969349e-02
3.064349373328291784e-02
3.090167660238511346e-02
3.147533787716334797e-02
3.181758869785376864e-02
3.208505150051029625e-02
3.240487910150491313e-02
3.286135226283189159e-02
3.351391696332575026e-02
3.415404189544576224e-02
3.478381637584265079e-02
3.440034825209372510e-02
3.398602749032971632e-02
3.415002575468230328e-02
3.504715877268489710e-02
3.577572362564215847e-02
3.613206822004121077e-02
3.699098900842497789e-02
3.752546728373627044e-02
3.771874368781918951e-02
3.826283978834645744e-02
3.809090788840330255e-02
3.897997344269720638e-02
3.927387958635390752e-02
3.939775892189591872e-02
4.015039769402174025e-02
4.043565214114906020e-02
4.057933859212157351e-02
3.862234288173768681e-02
3.920987499577267138e-02
3.844290977016431160e-02
