1.393119970406524362e-02
1.402274052613127972e-02
1.422792419861231873e-02
1.443668679692854118e-02
1.449603332621493372e-02
1.457130628575613665e-02
1.475879431127109093e-02
1.496801875741040309e-02
1.491270242288668217e-02
1.513902242313248589e-02
1.535373040489172031e-02
1.560313189668958989e-02
1.570259931036391277e-02
1.593971608434981146e-02
1.619888789164823650e-02
1.629002020475711979e-02
1.635838356031342478e-02
1.659178655318873860e-02
1.683283837091136340e-02
1.703487163266240514e-02
1.730849378914108352e-02
1.757141209503111645e-02
1.788381753200272983e-02
1.817556643743717740e-02
1.833950226078152196e-02
1.856232523594820299e-02
1.856961445004514169e-02
1.881887658117658083e-02
1.920584233702240379e-02
1.955816865473002444e-02
1.988224453938487388e-02
1.999594725212636495e-02
2.024395293638230758e-02
2.060117702831314526e-02
2.076114199092311471e-02
2.107379079868186220e-02
2.138422287665249846e-02
2.172923777931749789e-02
2.204057280937683425e-02
2.226500760340272347e-02
2.253424118649456978e-02
2.255061323771336002e-02
2.285801161039775070e-02
2.327104480872034878e-02
2.377300792905300691e-02
2.396750940111812625e-02
2.443130579241946376e-02
2.475735980835326588e-02
2.489602141632779597e-02
2.521889648187747301e-02
2.540241584247834167e-02
2.575752705649609134e-02
2.619539295382775426e-02
2.669926910902187256e-02
2.636794316948637071e-02
2.682080074588532453e-02
2.725644881985980414e-02
2.784044943114364484e-02
2.840757279249095379e-02
2.893423281904138750e-02
2.950195011846072982e-02
3.023083315444462932e-02
3.036173285543801101e-02
3.045685436680430416e-02
3.096036195888194134e-02
3.167088128638628070e-02
3.174197660202197901e-02
3.212902259831058871e-02
3.268093884955687589e-02
3.295814807545165842e-02
3.352744556637124451e-02
3.388586451426624929e-02
3.413370102815870000e-02
3.440014733984698286e-02
3.457341684230123835e-02
3.503179920178368240e-02
3.578024930549168064e-02
3.620337319683749472e-02
3.648664074683462266e-02
3.659284577793604776e-02
3.731210441606067768e-02
3.831444015169195583e-02
3.839446001607177417e-02
3.912987899875997738e-02
3.935875886254899120e-02
4.044384074008418317e-02
4.127378224761040632e-02
4.174357680496000589e-02
4.253566947196577713e-02
4.234236607087182164e-02
4.234870300639348439e-02
4.273081044252330374e-02
4.124175616480461187e-02
4.221445421992130881e-02
4.328306812787049290e-02
4.321299067870490451e-02
4.433701761678677383e-02
4.448838682431421887e-02
4.351781295632792951e-02
4.346608792411039285e-02
