0.000000000000000000e+00
5.489443340869927654e-05
5.488308906045341872e-05
2.182920104440136584e-04
2.466053900227723264e-04
3.558222498947095761e-04
3.557358498419388817e-04
4.313759419914068162e-04
5.320060266310876499e-04
6.438815682901433612e-04
6.437011397375095364e-04
7.125009837055227722e-04
7.823758427049313114e-04
8.719314728681216639e-04
9.490280190285591997e-04
1.029939970492433927e-03
1.210081244270215604e-03
1.338423983504843581e-03
1.338101545767689466e-03
1.337763081043348958e-03
1.367105683511765169e-03
1.625218956530535440e-03
1.714608102308083941e-03
1.890346912039124559e-03
2.016182535787925788e-03
2.074512776328056671e-03
2.173770280313072883e-03
2.257252856563330204e-03
2.620311851460480415e-03
2.899336637447741047e-03
2.955910072984600095e-03
3.041233620647879835e-03
3.048596734124671415e-03
3.040698012988541331e-03
3.153403966737334217e-03
3.412994806358480779e-03
3.404747771604358601e-03
3.396737487270754495e-03
3.454598866772006730e-03
3.648120115413023678e-03
3.862119480646782153e-03
4.199098479124557803e-03
4.267876560517486900e-03
4.359974103180574295e-03
4.497409508741159398e-03
4.574875293278851673e-03
4.784482847335109687e-03
5.501005907587844072e-03
5.598749209579412071e-03
5.725328063146501063e-03
5.886665993956007037e-03
6.078201118490673960e-03
6.232337859733987247e-03
6.720247445658251995e-03
6.943468627889407517e-03
7.184494232455208330e-03
7.311791797576006752e-03
7.370920521751505271e-03
8.218131006567656188e-03
8.212218480294651568e-03
8.349077403070035569e-03
8.800189364199425754e-03
8.920509491247214859e-03
9.082964833537526123e-03
9.408052091147933033e-03
9.468345520660734552e-03
9.543936650192102675e-03
1.013381382176491673e-02
1.028243399790085277e-02
1.078495219606732079e-02
1.104706693652439918e-02
1.151047809698214734e-02
1.171672617049697961e-02
1.214847634367976874e-02
1.277552519354610214e-02
1.323397291344283362e-02
1.362557287148741074e-02
1.366212726262231066e-02
1.385295405055827177e-02
1.420075256429107619e-02
1.554132246049613406e-02
1.690277219695705477e-02
1.753356929819507165e-02
1.753447979629473366e-02
1.782776609287049785e-02
1.840509024432275889e-02
1.851251118350730196e-02
1.891920091229344625e-02
1.973019350586259144e-02
2.029551697764357329e-02
2.153368068137240243e-02
2.178934444566568013e-02
2.249871709849624035e-02
2.347023918684430777e-02
2.380875374677435957e-02
2.466069938174639264e-02
2.571423604318552603e-02
2.870225679933345250e-02
2.916954137086307311e-02
3.104850248621614239e-02
