4.800000000000000000e+02
4.680000000000000000e+02
4.670000000000000000e+02
4.670000000000000000e+02
4.660000000000000000e+02
4.650000000000000000e+02
4.620000000000000000e+02
4.600000000000000000e+02
4.590000000000000000e+02
4.560000000000000000e+02
4.530000000000000000e+02
4.490000000000000000e+02
4.460000000000000000e+02
4.470000000000000000e+02
4.450000000000000000e+02
4.430000000000000000e+02
4.400000000000000000e+02
4.380000000000000000e+02
4.350000000000000000e+02
4.350000000000000000e+02
4.330000000000000000e+02
4.350000000000000000e+02
4.330000000000000000e+02
4.310000000000000000e+02
4.300000000000000000e+02
4.290000000000000000e+02
4.270000000000000000e+02
4.260000000000000000e+02
4.220000000000000000e+02
4.190000000000000000e+02
4.160000000000000000e+02
4.120000000000000000e+02
4.120000000000000000e+02
4.100000000000000000e+02
4.060000000000000000e+02
4.030000000000000000e+02
4.010000000000000000e+02
3.970000000000000000e+02
3.940000000000000000e+02
3.920000000000000000e+02
3.860000000000000000e+02
3.850000000000000000e+02
3.800000000000000000e+02
3.760000000000000000e+02
3.730000000000000000e+02
3.730000000000000000e+02
3.680000000000000000e+02
3.630000000000000000e+02
3.590000000000000000e+02
3.600000000000000000e+02
3.580000000000000000e+02
3.540000000000000000e+02
3.520000000000000000e+02
3.470000000000000000e+02
3.430000000000000000e+02
3.410000000000000000e+02
3.400000000000000000e+02
3.390000000000000000e+02
3.320000000000000000e+02
3.230000000000000000e+02
3.200000000000000000e+02
3.170000000000000000e+02
3.140000000000000000e+02
3.100000000000000000e+02
3.080000000000000000e+02
3.080000000000000000e+02
3.040000000000000000e+02
2.980000000000000000e+02
2.960000000000000000e+02
2.920000000000000000e+02
2.890000000000000000e+02
2.840000000000000000e+02
2.800000000000000000e+02
2.800000000000000000e+02
2.710000000000000000e+02
2.660000000000000000e+02
2.640000000000000000e+02
2.620000000000000000e+02
2.500000000000000000e+02
2.460000000000000000e+02
2.430000000000000000e+02
2.370000000000000000e+02
2.350000000000000000e+02
2.320000000000000000e+02
2.250000000000000000e+02
2.190000000000000000e+02
2.160000000000000000e+02
2.150000000000000000e+02
2.120000000000000000e+02
2.060000000000000000e+02
2.060000000000000000e+02
2.040000000000000000e+02
2.000000000000000000e+02
1.980000000000000000e+02
1.950000000000000000e+02
1.910000000000000000e+02
1.890000000000000000e+02
1.830000000000000000e+02
1.780000000000000000e+02
1.760000000000000000e+02
