4.800000000000000000e+02
4.650000000000000000e+02
4.660000000000000000e+02
4.660000000000000000e+02
4.610000000000000000e+02
4.570000000000000000e+02
4.550000000000000000e+02
4.520000000000000000e+02
4.470000000000000000e+02
4.470000000000000000e+02
4.460000000000000000e+02
4.430000000000000000e+02
4.420000000000000000e+02
4.420000000000000000e+02
4.410000000000000000e+02
4.370000000000000000e+02
4.340000000000000000e+02
4.310000000000000000e+02
4.300000000000000000e+02
4.280000000000000000e+02
4.270000000000000000e+02
4.260000000000000000e+02
4.260000000000000000e+02
4.250000000000000000e+02
4.210000000000000000e+02
4.200000000000000000e+02
4.160000000000000000e+02
4.130000000000000000e+02
4.130000000000000000e+02
4.130000000000000000e+02
4.100000000000000000e+02
4.080000000000000000e+02
4.050000000000000000e+02
4.050000000000000000e+02
3.990000000000000000e+02
3.960000000000000000e+02
3.950000000000000000e+02
3.950000000000000000e+02
3.940000000000000000e+02
3.890000000000000000e+02
3.890000000000000000e+02
3.840000000000000000e+02
3.840000000000000000e+02
3.830000000000000000e+02
3.800000000000000000e+02
3.790000000000000000e+02
3.750000000000000000e+02
3.720000000000000000e+02
3.690000000000000000e+02
3.620000000000000000e+02
3.580000000000000000e+02
3.520000000000000000e+02
3.490000000000000000e+02
3.490000000000000000e+02
3.410000000000000000e+02
3.390000000000000000e+02
3.370000000000000000e+02
3.360000000000000000e+02
3.350000000000000000e+02
3.320000000000000000e+02
3.300000000000000000e+02
3.260000000000000000e+02
3.200000000000000000e+02
3.160000000000000000e+02
3.090000000000000000e+02
3.040000000000000000e+02
2.980000000000000000e+02
2.970000000000000000e+02
2.950000000000000000e+02
2.910000000000000000e+02
2.890000000000000000e+02
2.850000000000000000e+02
2.820000000000000000e+02
2.760000000000000000e+02
2.740000000000000000e+02
2.670000000000000000e+02
2.630000000000000000e+02
2.580000000000000000e+02
2.520000000000000000e+02
2.480000000000000000e+02
2.430000000000000000e+02
2.400000000000000000e+02
2.370000000000000000e+02
2.350000000000000000e+02
2.280000000000000000e+02
2.260000000000000000e+02
2.210000000000000000e+02
2.160000000000000000e+02
2.140000000000000000e+02
2.110000000000000000e+02
2.020000000000000000e+02
1.980000000000000000e+02
1.890000000000000000e+02
1.830000000000000000e+02
1.830000000000000000e+02
1.750000000000000000e+02
1.710000000000000000e+02
1.660000000000000000e+02
1.570000000000000000e+02
1.530000000000000000e+02
