4.800000000000000000e+02
4.690000000000000000e+02
4.680000000000000000e+02
4.700000000000000000e+02
4.680000000000000000e+02
4.640000000000000000e+02
4.650000000000000000e+02
4.620000000000000000e+02
4.600000000000000000e+02
4.580000000000000000e+02
4.580000000000000000e+02
4.560000000000000000e+02
4.550000000000000000e+02
4.530000000000000000e+02
4.550000000000000000e+02
4.480000000000000000e+02
4.470000000000000000e+02
4.430000000000000000e+02
4.430000000000000000e+02
4.410000000000000000e+02
4.370000000000000000e+02
4.350000000000000000e+02
4.360000000000000000e+02
4.340000000000000000e+02
4.300000000000000000e+02
4.260000000000000000e+02
4.240000000000000000e+02
4.210000000000000000e+02
4.180000000000000000e+02
4.180000000000000000e+02
4.130000000000000000e+02
4.100000000000000000e+02
4.090000000000000000e+02
4.070000000000000000e+02
4.080000000000000000e+02
4.040000000000000000e+02
4.030000000000000000e+02
3.970000000000000000e+02
3.970000000000000000e+02
3.910000000000000000e+02
3.890000000000000000e+02
3.840000000000000000e+02
3.840000000000000000e+02
3.830000000000000000e+02
3.820000000000000000e+02
3.750000000000000000e+02
3.710000000000000000e+02
3.700000000000000000e+02
3.620000000000000000e+02
3.570000000000000000e+02
3.530000000000000000e+02
3.520000000000000000e+02
3.480000000000000000e+02
3.460000000000000000e+02
3.430000000000000000e+02
3.350000000000000000e+02
3.270000000000000000e+02
3.260000000000000000e+02
3.170000000000000000e+02
3.150000000000000000e+02
3.150000000000000000e+02
3.080000000000000000e+02
3.040000000000000000e+02
3.000000000000000000e+02
2.990000000000000000e+02
3.010000000000000000e+02
2.960000000000000000e+02
2.940000000000000000e+02
2.930000000000000000e+02
2.870000000000000000e+02
2.840000000000000000e+02
2.860000000000000000e+02
2.820000000000000000e+02
2.790000000000000000e+02
2.770000000000000000e+02
2.730000000000000000e+02
2.680000000000000000e+02
2.640000000000000000e+02
2.620000000000000000e+02
2.570000000000000000e+02
2.560000000000000000e+02
2.480000000000000000e+02
2.430000000000000000e+02
2.360000000000000000e+02
2.350000000000000000e+02
2.330000000000000000e+02
2.290000000000000000e+02
2.230000000000000000e+02
2.150000000000000000e+02
2.090000000000000000e+02
2.020000000000000000e+02
1.950000000000000000e+02
1.890000000000000000e+02
1.810000000000000000e+02
1.770000000000000000e+02
1.710000000000000000e+02
1.690000000000000000e+02
1.610000000000000000e+02
1.600000000000000000e+02
1.540000000000000000e+02
