4.800000000000000000e+02
4.690000000000000000e+02
4.690000000000000000e+02
4.660000000000000000e+02
4.650000000000000000e+02
4.640000000000000000e+02
4.650000000000000000e+02
4.610000000000000000e+02
4.600000000000000000e+02
4.590000000000000000e+02
4.570000000000000000e+02
4.520000000000000000e+02
4.510000000000000000e+02
4.500000000000000000e+02
4.480000000000000000e+02
4.470000000000000000e+02
4.470000000000000000e+02
4.420000000000000000e+02
4.410000000000000000e+02
4.360000000000000000e+02
4.340000000000000000e+02
4.340000000000000000e+02
4.320000000000000000e+02
4.300000000000000000e+02
4.260000000000000000e+02
4.240000000000000000e+02
4.230000000000000000e+02
4.170000000000000000e+02
4.160000000000000000e+02
4.160000000000000000e+02
4.120000000000000000e+02
4.060000000000000000e+02
4.010000000000000000e+02
3.970000000000000000e+02
3.930000000000000000e+02
3.890000000000000000e+02
3.880000000000000000e+02
3.840000000000000000e+02
3.810000000000000000e+02
3.780000000000000000e+02
3.770000000000000000e+02
3.760000000000000000e+02
3.680000000000000000e+02
3.680000000000000000e+02
3.660000000000000000e+02
3.610000000000000000e+02
3.560000000000000000e+02
3.540000000000000000e+02
3.480000000000000000e+02
3.470000000000000000e+02
3.410000000000000000e+02
3.360000000000000000e+02
3.340000000000000000e+02
3.330000000000000000e+02
3.300000000000000000e+02
3.310000000000000000e+02
3.260000000000000000e+02
3.230000000000000000e+02
3.210000000000000000e+02
3.170000000000000000e+02
3.100000000000000000e+02
3.090000000000000000e+02
3.020000000000000000e+02
3.020000000000000000e+02
2.970000000000000000e+02
2.930000000000000000e+02
2.870000000000000000e+02
2.820000000000000000e+02
2.800000000000000000e+02
2.730000000000000000e+02
2.710000000000000000e+02
2.670000000000000000e+02
2.620000000000000000e+02
2.590000000000000000e+02
2.530000000000000000e+02
2.470000000000000000e+02
2.430000000000000000e+02
2.400000000000000000e+02
2.370000000000000000e+02
2.340000000000000000e+02
2.320000000000000000e+02
2.250000000000000000e+02
2.210000000000000000e+02
2.160000000000000000e+02
2.150000000000000000e+02
2.140000000000000000e+02
2.110000000000000000e+02
2.060000000000000000e+02
2.020000000000000000e+02
2.000000000000000000e+02
1.940000000000000000e+02
1.900000000000000000e+02
1.850000000000000000e+02
1.840000000000000000e+02
1.790000000000000000e+02
1.750000000000000000e+02
1.720000000000000000e+02
1.670000000000000000e+02
1.650000000000000000e+02
1.630000000000000000e+02
