4.800000000000000000e+02
4.760000000000000000e+02
4.720000000000000000e+02
4.710000000000000000e+02
4.670000000000000000e+02
4.650000000000000000e+02
4.650000000000000000e+02
4.610000000000000000e+02
4.600000000000000000e+02
4.580000000000000000e+02
4.520000000000000000e+02
4.470000000000000000e+02
4.460000000000000000e+02
4.430000000000000000e+02
4.440000000000000000e+02
4.390000000000000000e+02
4.370000000000000000e+02
4.340000000000000000e+02
4.330000000000000000e+02
4.310000000000000000e+02
4.260000000000000000e+02
4.250000000000000000e+02
4.270000000000000000e+02
4.190000000000000000e+02
4.190000000000000000e+02
4.140000000000000000e+02
4.100000000000000000e+02
4.050000000000000000e+02
4.040000000000000000e+02
4.010000000000000000e+02
3.980000000000000000e+02
3.920000000000000000e+02
3.920000000000000000e+02
3.930000000000000000e+02
3.890000000000000000e+02
3.860000000000000000e+02
3.830000000000000000e+02
3.860000000000000000e+02
3.840000000000000000e+02
3.840000000000000000e+02
3.810000000000000000e+02
3.760000000000000000e+02
3.750000000000000000e+02
3.720000000000000000e+02
3.650000000000000000e+02
3.620000000000000000e+02
3.550000000000000000e+02
3.500000000000000000e+02
3.460000000000000000e+02
3.450000000000000000e+02
3.440000000000000000e+02
3.430000000000000000e+02
3.410000000000000000e+02
3.380000000000000000e+02
3.330000000000000000e+02
3.300000000000000000e+02
3.270000000000000000e+02
3.240000000000000000e+02
3.220000000000000000e+02
3.190000000000000000e+02
3.130000000000000000e+02
3.100000000000000000e+02
3.050000000000000000e+02
3.050000000000000000e+02
2.990000000000000000e+02
2.960000000000000000e+02
2.950000000000000000e+02
2.900000000000000000e+02
2.900000000000000000e+02
2.860000000000000000e+02
2.840000000000000000e+02
2.770000000000000000e+02
2.700000000000000000e+02
2.640000000000000000e+02
2.600000000000000000e+02
2.570000000000000000e+02
2.510000000000000000e+02
2.470000000000000000e+02
2.390000000000000000e+02
2.340000000000000000e+02
2.330000000000000000e+02
2.240000000000000000e+02
2.240000000000000000e+02
2.200000000000000000e+02
2.180000000000000000e+02
2.170000000000000000e+02
2.150000000000000000e+02
2.070000000000000000e+02
2.020000000000000000e+02
2.000000000000000000e+02
1.950000000000000000e+02
1.890000000000000000e+02
1.820000000000000000e+02
1.800000000000000000e+02
1.700000000000000000e+02
1.670000000000000000e+02
1.610000000000000000e+02
1.600000000000000000e+02
1.550000000000000000e+02
1.490000000000000000e+02
