nan
1.265436783180118254e-09
6.327555812449002583e-10
6.328602928554861773e-10
0.000000000000000000e+00
6.329325947044213651e-10
6.330291471081224734e-10
0.000000000000000000e+00
6.332276837841376819e-10
6.332134765137267686e-10
0.000000000000000000e+00
6.334203712008423571e-10
0.000000000000000000e+00
6.336099545006437335e-10
0.000000000000000000e+00
6.337181773035259492e-10
6.337760465122309350e-10
0.000000000000000000e+00
0.000000000000000000e+00
6.340084464942434253e-10
6.341284342947357995e-10
1.268505024668119900e-09
0.000000000000000000e+00
0.000000000000000000e+00
0.000000000000000000e+00
6.347943604721735338e-10
0.000000000000000000e+00
0.000000000000000000e+00
6.351210053861814747e-10
6.353045644422173639e-10
6.354822117995670772e-10
1.271338914028257273e-09
0.000000000000000000e+00
0.000000000000000000e+00
0.000000000000000000e+00
0.000000000000000000e+00
0.000000000000000000e+00
1.909321150758025143e-09
0.000000000000000000e+00
6.367649009038313992e-10
6.368920369204949315e-10
6.370404670827478360e-10
2.548769560943091140e-09
2.549689209187224436e-09
6.376138819550437039e-10
6.378539083365038784e-10
0.000000000000000000e+00
6.384031295426473652e-10
6.384315930713912909e-10
1.915839122750826849e-09
0.000000000000000000e+00
0.000000000000000000e+00
0.000000000000000000e+00
6.388616240045301177e-10
0.000000000000000000e+00
1.278781713554248237e-09
6.395819278730411188e-10
1.279682297151605194e-09
6.400395302151701185e-10
1.921013916576903965e-09
6.406241202073441495e-10
0.000000000000000000e+00
0.000000000000000000e+00
1.281865530035584671e-09
6.412246539151696248e-10
1.924599967707511763e-09
6.418978403333560826e-10
0.000000000000000000e+00
6.425074085773402625e-10
1.285398944864688226e-09
6.431434271521545576e-10
0.000000000000000000e+00
0.000000000000000000e+00
0.000000000000000000e+00
6.441099476518009658e-10
6.445896455508388171e-10
6.449882611226576611e-10
0.000000000000000000e+00
6.454243543191652082e-10
0.000000000000000000e+00
6.455188107696385514e-10
1.291507951707520595e-09
1.291917238142733160e-09
1.291877195181354081e-09
0.000000000000000000e+00
6.461585620917008856e-10
0.000000000000000000e+00
0.000000000000000000e+00
6.463352563984179163e-10
6.466356465135840698e-10
6.468141713498642837e-10
0.000000000000000000e+00
0.000000000000000000e+00
0.000000000000000000e+00
0.000000000000000000e+00
0.000000000000000000e+00
0.000000000000000000e+00
0.000000000000000000e+00
0.000000000000000000e+00
0.000000000000000000e+00
