nan
1.265436783180118254e-09
6.327555812449002583e-10
6.329255730212026578e-10
0.000000000000000000e+00
6.330619895833714151e-10
6.332251114515024452e-10
0.000000000000000000e+00
6.334479920677615484e-10
6.334556330608516535e-10
0.000000000000000000e+00
6.338163567022375967e-10
0.000000000000000000e+00
6.340572560885309680e-10
0.000000000000000000e+00
6.342649058505013899e-10
6.344080730321528228e-10
0.000000000000000000e+00
0.000000000000000000e+00
6.347968672835342516e-10
6.349865217059552752e-10
1.270243311736922339e-09
0.000000000000000000e+00
0.000000000000000000e+00
0.000000000000000000e+00
6.357403034094632377e-10
0.000000000000000000e+00
0.000000000000000000e+00
6.360910367057190927e-10
6.363953411507212641e-10
6.365891950694193780e-10
1.273587487910361581e-09
0.000000000000000000e+00
0.000000000000000000e+00
0.000000000000000000e+00
0.000000000000000000e+00
0.000000000000000000e+00
1.913679341394987897e-09
0.000000000000000000e+00
6.384153807406930370e-10
6.385431767448420954e-10
6.387903956763574890e-10
2.556104669456346102e-09
2.557311010121508989e-09
6.395204794541121307e-10
6.397982626239312678e-10
0.000000000000000000e+00
6.404365115136853864e-10
6.404651566539991147e-10
1.922745395040072004e-09
0.000000000000000000e+00
0.000000000000000000e+00
0.000000000000000000e+00
6.419481009189609082e-10
0.000000000000000000e+00
1.285515489837819342e-09
6.429508338914139235e-10
1.286733314562116168e-09
6.436530068368312627e-10
1.932241340585884285e-09
6.444248555702690165e-10
0.000000000000000000e+00
0.000000000000000000e+00
1.290886288344049029e-09
6.459486061953316312e-10
1.939032206224868654e-09
6.468187943077405631e-10
0.000000000000000000e+00
6.476029285014501758e-10
1.295821627326084077e-09
6.486137330099889293e-10
0.000000000000000000e+00
0.000000000000000000e+00
0.000000000000000000e+00
6.502957267809666981e-10
6.509393751291258253e-10
6.513886105209925464e-10
0.000000000000000000e+00
6.524806104747913659e-10
0.000000000000000000e+00
6.530826669589152346e-10
1.307833434857995754e-09
1.309049919155165284e-09
1.309864655683207571e-09
0.000000000000000000e+00
6.562167850346487173e-10
0.000000000000000000e+00
0.000000000000000000e+00
6.578564080171874540e-10
6.589892570467281515e-10
6.594739542031768517e-10
0.000000000000000000e+00
0.000000000000000000e+00
0.000000000000000000e+00
0.000000000000000000e+00
0.000000000000000000e+00
0.000000000000000000e+00
0.000000000000000000e+00
0.000000000000000000e+00
0.000000000000000000e+00
