nan
9.160576893127170273e-02
5.934856018175486969e-02
-1.901659916475036405e-01
3.287139775046452050e-01
2.990614758175137722e-02
-2.568615476618979487e-02
3.203473053466023013e-02
-2.992481070443002086e-02
9.153186598973162003e-02
-1.141325093101632979e-02
-7.351323553854865502e-04
-1.649401607204347558e-03
1.928212052863779308e-02
4.386852934257551295e-02
3.807093208007421986e-02
1.072179647786489221e-01
2.293376242757291794e-02
1.446809489465235819e-02
-2.195645173421814644e-04
8.984330145566293835e-03
-1.158830704425667553e-03
