nan
2.708258407798103673e-01
1.996990849355504694e-01
3.309043043803607809e-01
4.171010252820623321e-01
1.217922532243589373e-01
3.440319106094072432e-01
1.384853863396761087e-01
2.046669569748899020e-01
1.844130664764451477e-01
4.099674424608243384e-02
6.916635052039983578e-02
1.330579626690293893e-01
2.716996145526827111e-01
2.137028052562356673e-01
1.411734186359109300e-01
1.782767755816874189e-01
8.312986975558546432e-02
5.574081617413356032e-02
1.689566956288114652e-01
9.296828716488576838e-02
9.742318205510509810e-02
